26 0 51 255
0 9024 49 0
4160 9024 49 0
0 9088 49 0
128 9088 49 0
192 9088 49 0
256 9088 49 0
4160 9088 49 0
0 9152 49 0
256 9152 49 0
320 9152 49 0
4160 9152 49 0
0 9216 50 0
320 9216 49 0
384 9216 49 0
448 9216 49 0
4160 9216 49 0
0 9280 50 0
128 9280 49 0
448 9280 49 0
512 9280 49 0
4160 9280 49 0
1984 10944 49 0
256 9344 49 0
512 9344 49 0
576 9344 49 0
640 9344 51 0
704 9344 51 0
768 9344 51 0
832 9344 51 0
896 9344 51 0
960 9344 51 0
1024 9344 51 0
1088 9344 51 0
1152 9344 51 0
1216 9344 51 0
1280 9344 51 0
1344 9344 51 0
1408 9344 51 0
1472 9344 51 0
1536 9344 51 0
1600 9344 51 0
1664 9344 51 0
1728 9344 51 0
1792 9344 49 0
1856 9344 51 0
1920 9344 51 0
1984 9344 51 0
2048 9344 51 0
2112 9344 51 0
2176 9344 51 0
2240 9344 51 0
2304 9344 51 0
2368 9344 51 0
2432 9344 51 0
2496 9344 51 0
2560 9344 51 0
2624 9344 51 0
2688 9344 49 0
4160 9344 49 0
0 9408 50 0
384 9408 49 0
512 9408 49 0
576 9408 49 0
640 9408 49 0
704 9408 49 0
768 9408 49 0
832 9408 49 0
896 9408 49 0
960 9408 49 0
1024 9408 49 0
1088 9408 49 0
1152 9408 49 0
1216 9408 49 0
1280 9408 49 0
1344 9408 49 0
1408 9408 49 0
1472 9408 49 0
1536 9408 49 0
1600 9408 49 0
1664 9408 49 0
1728 9408 49 0
1792 9408 49 0
1856 9408 49 0
1920 9408 49 0
1984 9408 49 0
2048 9408 49 0
2112 9408 49 0
2176 9408 49 0
2240 9408 49 0
2304 9408 49 0
2368 9408 49 0
2432 9408 49 0
2496 9408 49 0
2560 9408 49 0
2624 9408 49 0
2688 9408 49 0
2752 9408 49 0
2816 9408 49 0
2880 9408 49 0
2944 9408 49 0
4160 9408 49 0
0 9472 50 0
512 9472 49 0
2944 9472 49 0
4160 9472 49 0
0 9536 49 0
64 9536 49 0
128 9536 49 0
192 9536 49 0
256 9536 49 0
320 9536 49 0
512 9536 49 0
2944 9536 49 0
4160 9536 49 0
0 9600 49 0
64 9600 49 0
128 9600 49 0
192 9600 49 0
256 9600 49 0
320 9600 49 0
512 9600 49 0
2944 9600 49 0
4160 9600 49 0
0 9664 49 0
64 9664 49 0
128 9664 49 0
192 9664 49 0
256 9664 49 0
320 9664 49 0
512 9664 49 0
2944 9664 49 0
4160 9664 49 0
0 9728 49 0
64 9728 49 0
128 9728 49 0
192 9728 49 0
256 9728 49 0
320 9728 49 0
512 9728 49 0
2944 9728 49 0
3392 9728 49 0
4160 9728 49 0
0 9792 49 0
64 9792 49 0
128 9792 49 0
192 9792 49 0
256 9792 49 0
320 9792 49 0
512 9792 49 0
576 9792 50 0
2944 9792 49 0
4160 9792 49 0
0 9856 49 0
64 9856 49 0
128 9856 49 0
192 9856 49 0
256 9856 49 0
320 9856 49 0
512 9856 49 0
2944 9856 49 0
4160 9856 49 0
0 9920 49 0
64 9920 49 0
128 9920 49 0
192 9920 49 0
256 9920 49 0
320 9920 49 0
512 9920 49 0
704 9920 52 0
1664 9920 49 0
3840 9920 49 0
4160 9920 49 0
0 9984 49 0
64 9984 49 0
128 9984 49 0
192 9984 49 0
256 9984 49 0
320 9984 49 0
512 9984 49 0
4160 9984 49 0
0 10048 49 0
64 10048 49 0
128 10048 49 0
192 10048 49 0
256 10048 49 0
320 10048 49 0
512 10048 49 0
4160 10048 49 0
0 10112 49 0
64 10112 49 0
128 10112 49 0
192 10112 49 0
256 10112 49 0
320 10112 49 0
512 10112 49 0
576 10112 49 0
640 10112 49 0
704 10112 49 0
768 10112 49 0
832 10112 49 0
896 10112 49 0
960 10112 49 0
1024 10112 49 0
1088 10112 49 0
1152 10112 49 0
1216 10112 49 0
1280 10112 49 0
1344 10112 49 0
2944 10112 49 0
3584 10112 49 0
4160 10112 49 0
0 10176 49 0
64 10176 49 0
128 10176 49 0
192 10176 49 0
256 10176 49 0
320 10176 49 0
512 10176 49 0
2112 10176 49 0
2752 10176 49 0
2944 10176 49 0
4160 10176 49 0
0 10240 49 0
64 10240 49 0
128 10240 49 0
192 10240 49 0
256 10240 49 0
320 10240 49 0
512 10240 49 0
2944 10240 49 0
3008 10240 51 0
3072 10240 51 0
3136 10240 51 0
3200 10240 51 0
3264 10240 51 0
3328 10240 51 0
3392 10240 51 0
3456 10240 51 0
3520 10240 51 0
3584 10240 51 0
3648 10240 51 0
3712 10240 51 0
3776 10240 51 0
3840 10240 51 0
3904 10240 51 0
3968 10240 51 0
4032 10240 51 0
4096 10240 51 0
4160 10240 49 0
0 10304 49 0
64 10304 49 0
128 10304 49 0
192 10304 49 0
256 10304 49 0
320 10304 49 0
512 10304 49 0
2944 10304 49 0
3008 10304 49 0
3072 10304 49 0
3136 10304 49 0
3200 10304 49 0
3264 10304 49 0
3328 10304 49 0
3392 10304 49 0
3456 10304 49 0
3520 10304 49 0
3584 10304 49 0
3648 10304 49 0
3712 10304 49 0
3776 10304 49 0
3840 10304 49 0
3904 10304 49 0
3968 10304 49 0
4032 10304 49 0
4096 10304 49 0
4160 10304 49 0
0 10368 49 0
64 10368 49 0
128 10368 49 0
192 10368 49 0
256 10368 49 0
320 10368 49 0
512 10368 49 0
576 10368 51 0
640 10368 51 0
704 10368 51 0
768 10368 51 0
832 10368 51 0
896 10368 51 0
960 10368 51 0
1024 10368 51 0
1088 10368 51 0
1152 10368 51 0
1216 10368 51 0
1280 10368 51 0
1344 10368 51 0
1408 10368 51 0
1472 10368 51 0
1536 10368 51 0
1600 10368 51 0
1664 10368 51 0
1728 10368 51 0
1792 10368 51 0
1856 10368 51 0
1920 10368 51 0
1984 10368 51 0
2048 10368 51 0
2112 10368 51 0
2176 10368 51 0
2240 10368 51 0
2304 10368 51 0
2368 10368 51 0
2432 10368 51 0
2496 10368 51 0
2560 10368 51 0
2624 10368 51 0
2688 10368 51 0
2752 10368 51 0
2816 10368 51 0
2880 10368 51 0
2944 10368 49 0
3008 10368 49 0
3072 10368 49 0
3136 10368 49 0
3200 10368 49 0
3264 10368 49 0
3328 10368 49 0
3392 10368 49 0
3456 10368 49 0
3520 10368 49 0
3584 10368 49 0
3648 10368 49 0
3712 10368 49 0
3776 10368 49 0
3840 10368 49 0
3904 10368 49 0
3968 10368 49 0
4032 10368 49 0
4096 10368 49 0
4160 10368 49 0
0 10432 49 0
64 10432 49 0
128 10432 49 0
192 10432 49 0
256 10432 49 0
320 10432 49 0
512 10432 49 0
576 10432 49 0
640 10432 49 0
704 10432 49 0
768 10432 49 0
832 10432 49 0
896 10432 49 0
960 10432 49 0
1024 10432 49 0
1088 10432 49 0
1152 10432 49 0
1216 10432 49 0
1280 10432 49 0
1344 10432 49 0
1408 10432 49 0
1472 10432 49 0
1536 10432 49 0
1600 10432 49 0
1664 10432 49 0
1728 10432 49 0
1792 10432 49 0
1856 10432 49 0
1920 10432 49 0
1984 10432 49 0
2048 10432 49 0
2112 10432 49 0
2176 10432 49 0
2240 10432 49 0
2304 10432 49 0
2368 10432 49 0
2432 10432 49 0
2496 10432 49 0
2560 10432 49 0
2624 10432 49 0
2688 10432 49 0
2752 10432 49 0
2816 10432 49 0
2880 10432 49 0
2944 10432 49 0
3008 10432 49 0
3072 10432 49 0
3136 10432 49 0
3200 10432 49 0
3264 10432 49 0
3328 10432 49 0
3392 10432 49 0
3456 10432 49 0
3520 10432 49 0
3584 10432 49 0
3648 10432 49 0
3712 10432 49 0
3776 10432 49 0
3840 10432 49 0
3904 10432 49 0
3968 10432 49 0
4032 10432 49 0
4096 10432 49 0
4160 10432 49 0
0 10496 49 0
64 10496 49 0
128 10496 49 0
192 10496 49 0
256 10496 49 0
320 10496 49 0
512 10496 49 0
576 10496 49 0
640 10496 49 0
704 10496 49 0
768 10496 49 0
832 10496 49 0
896 10496 49 0
960 10496 49 0
1024 10496 49 0
1088 10496 49 0
1152 10496 49 0
1216 10496 49 0
1280 10496 49 0
1344 10496 49 0
1408 10496 49 0
1472 10496 49 0
1536 10496 49 0
1600 10496 49 0
1664 10496 49 0
1728 10496 49 0
1792 10496 49 0
1856 10496 49 0
1920 10496 49 0
1984 10496 49 0
2048 10496 49 0
2112 10496 49 0
2176 10496 49 0
2240 10496 49 0
2304 10496 49 0
2368 10496 49 0
2432 10496 49 0
2496 10496 49 0
2560 10496 49 0
2624 10496 49 0
2688 10496 49 0
2752 10496 49 0
2816 10496 49 0
2880 10496 49 0
2944 10496 49 0
3008 10496 49 0
3072 10496 49 0
3136 10496 49 0
3200 10496 49 0
3264 10496 49 0
3328 10496 49 0
3392 10496 49 0
3456 10496 49 0
3520 10496 49 0
3584 10496 49 0
3648 10496 49 0
3712 10496 49 0
3776 10496 49 0
3840 10496 49 0
3904 10496 49 0
3968 10496 49 0
0 10560 49 0
64 10560 49 0
128 10560 49 0
192 10560 49 0
256 10560 49 0
320 10560 49 0
512 10560 49 0
576 10560 49 0
640 10560 49 0
704 10560 49 0
768 10560 49 0
832 10560 49 0
896 10560 49 0
960 10560 49 0
1024 10560 49 0
1088 10560 49 0
1152 10560 49 0
1216 10560 49 0
1280 10560 49 0
1344 10560 49 0
1408 10560 49 0
1472 10560 49 0
1536 10560 49 0
1600 10560 49 0
1664 10560 49 0
1728 10560 49 0
1792 10560 49 0
1856 10560 49 0
1920 10560 49 0
1984 10560 49 0
2048 10560 49 0
2112 10560 49 0
2176 10560 49 0
2240 10560 49 0
2304 10560 49 0
2368 10560 49 0
2432 10560 49 0
2496 10560 49 0
2560 10560 49 0
2624 10560 49 0
2688 10560 49 0
2752 10560 49 0
2816 10560 49 0
2880 10560 49 0
2944 10560 49 0
3008 10560 49 0
3072 10560 49 0
3136 10560 49 0
3200 10560 49 0
3264 10560 49 0
3328 10560 49 0
3392 10560 49 0
3456 10560 49 0
3520 10560 49 0
0 10624 49 0
64 10624 49 0
128 10624 49 0
192 10624 49 0
256 10624 49 0
320 10624 49 0
512 10624 49 0
576 10624 49 0
640 10624 49 0
704 10624 49 0
768 10624 49 0
832 10624 49 0
896 10624 49 0
960 10624 49 0
1024 10624 49 0
1088 10624 49 0
1152 10624 49 0
1216 10624 49 0
1280 10624 49 0
1344 10624 49 0
1408 10624 49 0
1472 10624 49 0
1536 10624 49 0
1600 10624 49 0
1664 10624 49 0
1728 10624 49 0
1792 10624 49 0
1856 10624 49 0
1920 10624 49 0
1984 10624 49 0
2048 10624 49 0
2112 10624 49 0
2176 10624 49 0
2240 10624 49 0
2304 10624 49 0
2368 10624 49 0
2432 10624 49 0
2496 10624 49 0
2560 10624 49 0
2624 10624 49 0
2688 10624 49 0
2752 10624 49 0
2816 10624 49 0
2880 10624 49 0
2944 10624 49 0
3008 10624 49 0
3072 10624 49 0
3136 10624 49 0
3200 10624 49 0
0 10688 49 0
64 10688 49 0
128 10688 49 0
192 10688 49 0
256 10688 49 0
320 10688 49 0
512 10688 49 0
576 10688 49 0
640 10688 49 0
704 10688 49 0
768 10688 49 0
832 10688 49 0
896 10688 49 0
960 10688 49 0
1024 10688 49 0
1088 10688 49 0
1152 10688 49 0
1216 10688 49 0
1280 10688 49 0
1344 10688 49 0
1408 10688 49 0
1472 10688 49 0
1536 10688 49 0
1600 10688 49 0
1664 10688 49 0
1728 10688 49 0
1792 10688 49 0
1856 10688 49 0
1920 10688 49 0
1984 10688 49 0
2048 10688 49 0
2112 10688 49 0
2176 10688 49 0
2240 10688 49 0
2304 10688 49 0
2368 10688 49 0
2432 10688 49 0
2496 10688 49 0
2560 10688 49 0
2624 10688 49 0
2688 10688 49 0
2752 10688 49 0
2816 10688 49 0
2880 10688 49 0
2944 10688 49 0
0 10752 49 0
64 10752 49 0
128 10752 49 0
192 10752 49 0
256 10752 49 0
320 10752 49 0
512 10752 49 0
576 10752 49 0
640 10752 49 0
704 10752 49 0
768 10752 49 0
832 10752 49 0
896 10752 49 0
960 10752 49 0
1024 10752 49 0
1088 10752 49 0
1152 10752 49 0
1216 10752 49 0
1280 10752 49 0
1344 10752 49 0
1408 10752 49 0
1472 10752 49 0
1536 10752 49 0
1600 10752 49 0
1664 10752 49 0
1728 10752 49 0
1792 10752 49 0
1856 10752 49 0
1920 10752 49 0
1984 10752 49 0
2048 10752 49 0
2112 10752 49 0
2176 10752 49 0
2240 10752 49 0
2304 10752 49 0
2368 10752 49 0
2432 10752 49 0
2496 10752 49 0
2560 10752 49 0
2624 10752 49 0
2688 10752 49 0
2752 10752 49 0
2816 10752 49 0
0 10816 49 0
64 10816 49 0
128 10816 49 0
192 10816 49 0
256 10816 49 0
320 10816 49 0
512 10816 49 0
576 10816 49 0
640 10816 49 0
704 10816 49 0
768 10816 49 0
832 10816 49 0
896 10816 49 0
960 10816 49 0
1024 10816 49 0
1088 10816 49 0
1152 10816 49 0
1216 10816 49 0
1280 10816 49 0
1344 10816 49 0
1408 10816 49 0
1472 10816 49 0
1536 10816 49 0
1600 10816 49 0
1664 10816 49 0
1728 10816 49 0
1792 10816 49 0
1856 10816 49 0
1920 10816 49 0
1984 10816 49 0
2048 10816 49 0
2112 10816 49 0
2176 10816 49 0
2240 10816 49 0
2304 10816 49 0
2368 10816 49 0
2432 10816 49 0
0 10880 49 0
64 10880 49 0
128 10880 49 0
192 10880 49 0
256 10880 49 0
320 10880 49 0
512 10880 49 0
576 10880 49 0
640 10880 49 0
704 10880 49 0
768 10880 49 0
832 10880 49 0
896 10880 49 0
960 10880 49 0
1024 10880 49 0
1088 10880 49 0
1152 10880 49 0
1216 10880 49 0
1280 10880 49 0
1344 10880 49 0
1408 10880 49 0
1472 10880 49 0
1536 10880 49 0
1600 10880 49 0
1664 10880 49 0
1728 10880 49 0
1792 10880 49 0
1856 10880 49 0
1920 10880 49 0
1984 10880 49 0
2048 10880 49 0
2112 10880 49 0
2176 10880 49 0
0 10944 49 0
64 10944 49 0
128 10944 49 0
192 10944 49 0
256 10944 49 0
320 10944 49 0
384 10944 53 0
448 10944 53 0
512 10944 49 0
576 10944 49 0
640 10944 49 0
704 10944 49 0
768 10944 49 0
832 10944 49 0
896 10944 49 0
960 10944 49 0
1024 10944 49 0
1088 10944 49 0
1152 10944 49 0
1216 10944 49 0
1280 10944 49 0
1344 10944 49 0
1408 10944 49 0
1472 10944 49 0
1536 10944 49 0
1600 10944 49 0
1664 10944 49 0
1728 10944 49 0
1792 10944 49 0
1856 10944 49 0
1920 10944 49 0
0 9344 50 0
