0 0 0 255
1536 10496 60 0
1152 10496 60 0
896 10496 60 0
576 10496 60 0
960 10496 60 0
1600 10496 60 0
1856 10496 60 0
1856 10560 60 0
1984 10496 60 0
1088 10496 60 0
3392 11136 54 0
832 10496 60 0
1344 10496 60 0
1408 10496 60 0
1728 10496 60 0
1280 10496 60 0
1216 10496 60 0
1024 10496 60 0
704 10496 60 0
768 10496 60 0
640 10496 60 0
1792 10496 60 0
1472 10496 60 0
1920 10496 60 0
1664 10496 60 0
2112 11328 54 0
2176 11328 54 0
2240 11328 54 0
2304 11328 54 0
2368 11328 54 0
2432 11328 54 0
2496 11328 54 0
2560 11328 54 0
2624 11328 54 0
2688 11328 54 0
2752 11328 54 0
2816 11328 54 0
2880 11328 54 0
2944 11328 54 0
3008 11328 54 0
3072 11328 54 0
3136 11328 54 0
3200 11328 54 0
3264 11328 54 0
3328 11328 54 0
3392 11328 54 0
3456 11328 54 0
3520 11328 54 0
3584 11328 54 0
3648 11328 54 0
3712 11328 54 0
3776 11328 54 0
3840 11328 54 0
3904 11328 54 0
3968 11328 54 0
4032 11328 54 0
4096 11328 54 0
4160 11328 54 0
4224 11328 54 0
4288 11328 54 0
2048 11328 54 0
1984 11328 54 0
1920 11328 54 0
5248 11136 56 90
1920 11264 51 0
1984 11264 51 0
2048 11264 51 0
2112 11264 51 0
2176 11264 51 0
2240 11264 51 0
2304 11264 51 0
2368 11264 51 0
2432 11264 51 0
2496 11264 51 0
2560 11264 51 0
2624 11264 51 0
2688 11264 51 0
2752 11264 51 0
2816 11264 51 0
2880 11264 51 0
2944 11264 51 0
3008 11264 51 0
3072 11264 51 0
3136 11264 51 0
3200 11264 51 0
3264 11264 51 0
3328 11264 51 0
3392 11264 51 0
3456 11264 51 0
3520 11264 51 0
3584 11264 51 0
3648 11264 51 0
3712 11264 51 0
3776 11264 51 0
3840 11264 51 0
3904 11264 51 0
3968 11264 51 0
4032 11264 51 0
4096 11264 51 0
4160 11264 51 0
4224 11264 51 0
4288 11264 51 0
1856 11328 60 0
1856 11264 60 0
1856 11200 60 0
1856 11136 60 0
1856 11072 60 0
1856 11008 60 0
1856 10944 60 0
1856 10880 60 0
1856 10816 60 0
1856 10752 60 0
1856 10688 60 0
1856 10624 60 0
576 10432 60 0
576 10368 60 0
576 10304 60 0
576 10240 60 0
576 10176 60 0
576 10112 60 0
576 10048 60 0
576 9984 60 0
576 9920 60 0
576 9856 60 0
576 9792 60 0
576 9728 60 0
576 9664 60 0
576 9600 60 0
576 9536 60 0
4288 10816 55 0
4736 11072 50 270
5056 10368 50 90
4928 10176 61 0
4544 10304 60 0
4608 10304 60 0
4736 10304 60 0
4800 10304 60 0
4864 10304 60 0
5056 10304 60 0
4992 10304 60 0
4928 10304 60 0
5184 10304 60 0
5120 10304 60 0
4480 10304 60 0
4160 10304 60 0
4096 10304 60 0
4032 10304 60 0
3968 10304 60 0
3904 10304 60 0
4224 10304 60 0
4288 10304 60 0
4352 10304 60 0
4416 10304 60 0
4672 10304 60 0
6080 10816 57 0
5568 10560 58 0
5248 10304 59 0
4352 11840 54 0
4352 11328 51 90
4352 11392 51 90
4352 11456 51 90
4352 11520 51 90
4352 11584 51 90
4352 11648 51 90
4352 11712 51 90
4352 11776 51 90
4416 11840 51 0
4480 11840 51 0
4544 11840 51 0
4608 11840 51 0
4672 11840 51 0
4736 11840 51 0
4800 11840 51 0
4864 11840 51 0
4928 11840 51 0
4992 11840 51 0
5056 11840 51 0
5120 11840 51 0
5184 11840 51 0
5248 11840 51 0
5312 11840 51 0
5376 11840 51 0
5440 11840 51 0
5504 11840 51 0
5568 11840 51 0
6464 9984 51 270
5632 11840 51 0
5696 11840 51 0
5760 11840 51 0
5824 11840 51 0
5888 11840 51 0
5952 11840 51 0
6016 11840 51 0
6080 11840 51 0
6144 11840 51 0
6208 11840 51 0
6272 11840 51 0
6336 11840 51 0
6400 11840 51 0
6464 9856 51 270
6464 9920 51 270
960 9792 52 0
6464 10048 51 270
4288 11392 54 0
4288 11456 54 0
4288 11520 54 0
4288 11584 54 0
4288 11648 54 0
4288 11712 54 0
4288 11776 54 0
4288 11840 54 0
4352 11264 51 0
4288 11904 54 0
4352 11904 54 0
4416 11904 54 0
4480 11904 54 0
4544 11904 54 0
4608 11904 54 0
4672 11904 54 0
4736 11904 54 0
4800 11904 54 0
4864 11904 54 0
4928 11904 54 0
4992 11904 54 0
5056 11904 54 0
5120 11904 54 0
5184 11904 54 0
5248 11904 54 0
5312 11904 54 0
5376 11904 54 0
5440 11904 54 0
5504 11904 54 0
6464 10688 51 270
6464 10624 51 270
6464 10560 51 270
6464 10496 51 270
6464 10432 51 270
6464 10368 51 270
6464 10304 51 270
6464 10240 51 270
6464 10176 51 270
6464 10112 51 270
6464 11776 51 270
6464 11712 51 270
6464 11648 51 270
6464 11584 51 270
6464 11520 51 270
6464 11456 51 270
6464 11392 51 270
6464 11328 51 270
6464 11264 51 270
6464 11200 51 270
6464 11136 51 270
6464 11072 51 270
6464 11008 51 270
6464 10944 51 270
6464 10880 51 270
6464 10816 51 270
6464 10752 51 270
5568 11904 54 0
5632 11904 54 0
5696 11904 54 0
5760 11904 54 0
5824 11904 54 0
5888 11904 54 0
5952 11904 54 0
6016 11904 54 0
6080 11904 54 0
6144 11904 54 0
6208 11904 54 0
6272 11904 54 0
6336 11904 54 0
6400 11904 54 0
6464 11904 54 0
6464 11840 54 0
6528 11840 54 0
6528 11776 54 0
6528 11712 54 0
6528 11648 54 0
6528 11584 54 0
6528 11520 54 0
6528 11456 54 0
6528 11392 54 0
6528 11328 54 0
6528 11264 54 0
6528 11200 54 0
6528 11136 54 0
6528 11072 54 0
6528 11008 54 0
6528 10944 54 0
6528 10880 54 0
6528 10816 54 0
6528 10752 54 0
6528 10688 54 0
6528 10624 54 0
6528 10560 54 0
6528 10496 54 0
6528 10432 54 0
6528 10368 54 0
6528 10304 54 0
6528 10240 54 0
6528 10176 54 0
6528 10112 54 0
6528 10048 54 0
6528 9984 54 0
6528 9920 54 0
6528 9856 54 0
